1.563870429992675781e+00
1.397312164306640625e+00
1.321485042572021484e+00
7.001280784606933594e-01
5.759258270263671875e-01
2.322087287902832031e-01
1.823816299438476562e-01
-2.139077186584472656e-01
-2.586884498596191406e-01
-5.786647796630859375e-01
-7.024345397949218750e-01
-8.487842082977294922e-01
-8.783383369445800781e-01
-9.489507675170898438e-01
-1.033553361892700195e+00
-1.150024175643920898e+00
-1.154203176498413086e+00
-1.162192821502685547e+00
-1.196918725967407227e+00
-1.598404169082641602e+00
-2.116069078445434570e+00
-2.119709968566894531e+00
-2.273801326751708984e+00
-2.328258991241455078e+00
-2.343425512313842773e+00
-2.635973930358886719e+00
-2.677220344543457031e+00
-2.997003316879272461e+00
-3.014360666275024414e+00
-3.247431278228759766e+00
-3.249672412872314453e+00
-3.262997627258300781e+00
-3.296385288238525391e+00
-3.335436344146728516e+00
-3.481811046600341797e+00
-3.553627252578735352e+00
-3.572898626327514648e+00
-3.590047836303710938e+00
-3.672050952911376953e+00
-3.736713409423828125e+00
-3.784082174301147461e+00
-3.861645936965942383e+00
-3.912973642349243164e+00
-3.932035446166992188e+00
-3.945448875427246094e+00
-3.956558704376220703e+00
-3.969193935394287109e+00
-4.008368492126464844e+00
-4.068419456481933594e+00
-4.121912956237792969e+00
-4.152200222015380859e+00
-4.171067237854003906e+00
-4.187909603118896484e+00
-4.209295749664306641e+00
-4.211799621582031250e+00
-4.228486061096191406e+00
-4.242359161376953125e+00
-4.246901035308837891e+00
-4.247476577758789062e+00
-4.254344463348388672e+00
-4.264719486236572266e+00
-4.270298480987548828e+00
-4.295176029205322266e+00
-4.297410011291503906e+00
-4.304869651794433594e+00
-4.316075801849365234e+00
-4.328750133514404297e+00
-4.332548141479492188e+00
-4.384437084197998047e+00
-4.401628494262695312e+00
-4.410326004028320312e+00
-4.414940834045410156e+00
-4.417169570922851562e+00
-4.418320178985595703e+00
-4.419446468353271484e+00
-4.427524566650390625e+00
-4.428322315216064453e+00
-4.445717811584472656e+00
-4.447027206420898438e+00
-4.451671600341796875e+00
-4.462005138397216797e+00
-4.466571807861328125e+00
-4.471866607666015625e+00
-4.476416110992431641e+00
-4.486664295196533203e+00
-4.489870071411132812e+00
-4.497097015380859375e+00
-4.509646892547607422e+00
-4.533788681030273438e+00
-4.539497375488281250e+00
-4.547185897827148438e+00
-4.551263332366943359e+00
-4.557538032531738281e+00
-4.567850112915039062e+00
-4.568590641021728516e+00
-4.583735466003417969e+00
-4.589200496673583984e+00
-4.599720478057861328e+00
-4.617362499237060547e+00
-4.618476390838623047e+00
-4.618931770324707031e+00
-4.624902725219726562e+00
-4.625474929809570312e+00
-4.629043579101562500e+00
-4.633933544158935547e+00
-4.643808841705322266e+00
-4.645261287689208984e+00
-4.658910274505615234e+00
-4.660776138305664062e+00
-4.661158084869384766e+00
-4.661712646484375000e+00
-4.663445472717285156e+00
-4.665505409240722656e+00
-4.674011707305908203e+00
-4.675312995910644531e+00
-4.679902553558349609e+00
-4.680611610412597656e+00
-4.682195186614990234e+00
-4.686024665832519531e+00
-4.690915584564208984e+00
-4.691977977752685547e+00
-4.692062377929687500e+00
-4.698818683624267578e+00
-4.698922157287597656e+00
-4.703737735748291016e+00
-4.704084396362304688e+00
-4.705460071563720703e+00
-4.706014633178710938e+00
-4.708573818206787109e+00
-4.710663795471191406e+00
-4.714637279510498047e+00
-4.714651107788085938e+00
-4.716054916381835938e+00
-4.716350555419921875e+00
-4.717461109161376953e+00
-4.727417469024658203e+00
-4.737729072570800781e+00
-4.740863800048828125e+00
-4.741139411926269531e+00
-4.741446971893310547e+00
-4.743118762969970703e+00
-4.743785858154296875e+00
-4.744341850280761719e+00
-4.746999263763427734e+00
-4.751810073852539062e+00
-4.754415512084960938e+00
-4.755281448364257812e+00
-4.761023521423339844e+00
-4.763043880462646484e+00
-4.766390323638916016e+00
-4.767058372497558594e+00
-4.768731594085693359e+00
-4.771832942962646484e+00
-4.772147178649902344e+00
-4.773354530334472656e+00
-4.776008605957031250e+00
-4.776308059692382812e+00
-4.776324748992919922e+00
-4.777137279510498047e+00
-4.784103393554687500e+00
-4.785733699798583984e+00
-4.789350509643554688e+00
-4.789559364318847656e+00
-4.791189670562744141e+00
-4.793974876403808594e+00
-4.794203758239746094e+00
-4.796018600463867188e+00
-4.799062252044677734e+00
-4.801101207733154297e+00
-4.802341938018798828e+00
-4.802927970886230469e+00
-4.804409503936767578e+00
-4.806178569793701172e+00
-4.808961391448974609e+00
-4.812285423278808594e+00
-4.813826560974121094e+00
-4.815063953399658203e+00
-4.818030357360839844e+00
-4.819798946380615234e+00
-4.821418285369873047e+00
-4.826932907104492188e+00
-4.830563545227050781e+00
-4.832677841186523438e+00
-4.833842277526855469e+00
-4.833982467651367188e+00
-4.841948509216308594e+00
-4.842536926269531250e+00
-4.845602035522460938e+00
-4.846448898315429688e+00
-4.847476482391357422e+00
-4.847692489624023438e+00
-4.847887516021728516e+00
-4.848727703094482422e+00
-4.850325584411621094e+00
-4.852340698242187500e+00
-4.858634471893310547e+00
-4.862255096435546875e+00
-4.862697601318359375e+00
-4.863164901733398438e+00
-4.863749504089355469e+00
-4.864183425903320312e+00
-4.864413738250732422e+00
-4.865417957305908203e+00
-4.866747856140136719e+00
-4.870845317840576172e+00
-4.871084213256835938e+00
-4.871680736541748047e+00
-4.872265338897705078e+00
-4.873304367065429688e+00
-4.873417854309082031e+00
-4.875318050384521484e+00
-4.880570888519287109e+00
-4.882393360137939453e+00
-4.883121490478515625e+00
-4.883462905883789062e+00
-4.883657455444335938e+00
-4.885455608367919922e+00
-4.885667800903320312e+00
-4.891081333160400391e+00
-4.896991729736328125e+00
-4.897601127624511719e+00
-4.898420333862304688e+00
-4.898954868316650391e+00
-4.899744510650634766e+00
-4.901650428771972656e+00
-4.903058052062988281e+00
-4.903140068054199219e+00
-4.903178691864013672e+00
-4.903372764587402344e+00
-4.903375148773193359e+00
-4.905584335327148438e+00
-4.906205177307128906e+00
-4.907818794250488281e+00
-4.908910751342773438e+00
-4.911294937133789062e+00
-4.914484977722167969e+00
-4.915126800537109375e+00
-4.915178775787353516e+00
-4.917221069335937500e+00
-4.917253494262695312e+00
-4.919029712677001953e+00
-4.920050144195556641e+00
-4.921791553497314453e+00
-4.923062324523925781e+00
-4.927061080932617188e+00
-4.928681850433349609e+00
-4.930539608001708984e+00
-4.934622764587402344e+00
-4.936215877532958984e+00
-4.937571525573730469e+00
-4.938357353210449219e+00
-4.938899517059326172e+00
-4.942448616027832031e+00
-4.942933082580566406e+00
-4.943077087402343750e+00
-4.943395614624023438e+00
-4.945668220520019531e+00
-4.946375846862792969e+00
-4.946653842926025391e+00
-4.947143554687500000e+00
-4.947857379913330078e+00
-4.948367595672607422e+00
-4.950056552886962891e+00
-4.950837135314941406e+00
-4.950933456420898438e+00
-4.953410625457763672e+00
-4.954229831695556641e+00
-4.954854965209960938e+00
-4.955813884735107422e+00
-4.956639289855957031e+00
-4.958227634429931641e+00
-4.959414482116699219e+00
-4.960543155670166016e+00
-4.961841583251953125e+00
-4.962920665740966797e+00
-4.963194847106933594e+00
-4.963274478912353516e+00
-4.963740348815917969e+00
-4.964794635772705078e+00
-4.965065956115722656e+00
-4.965135097503662109e+00
-4.965561389923095703e+00
-4.965717792510986328e+00
-4.965988159179687500e+00
-4.966226100921630859e+00
-4.966619968414306641e+00
-4.968530178070068359e+00
-4.968607425689697266e+00
-4.973648071289062500e+00
-4.973974704742431641e+00
-4.974341392517089844e+00
-4.977216243743896484e+00
-4.978350162506103516e+00
-4.978368282318115234e+00
-4.979146957397460938e+00
-4.979521751403808594e+00
-4.980215549468994141e+00
-4.980954170227050781e+00
-4.983012199401855469e+00
-4.984522819519042969e+00
