9.024334549903869629e-01
7.619093656539916992e-01
8.181649446487426758e-01
8.013889789581298828e-01
9.164102673530578613e-01
8.215060234069824219e-01
9.398319125175476074e-01
8.090535402297973633e-01
9.414344429969787598e-01
7.046470046043395996e-01
8.812801837921142578e-01
7.047662734985351562e-01
9.390769004821777344e-01
7.647796273231506348e-01
8.929452300071716309e-01
7.059647440910339355e-01
8.535676598548889160e-01
7.088382840156555176e-01
9.386079907417297363e-01
6.930178999900817871e-01
7.069752216339111328e-01
7.269469499588012695e-01
9.150127768516540527e-01
8.218911886215209961e-01
9.203826189041137695e-01
8.294399380683898926e-01
7.271014451980590820e-01
8.382413387298583984e-01
8.362432122230529785e-01
8.347550630569458008e-01
7.985945940017700195e-01
7.057139873504638672e-01
9.187170863151550293e-01
8.367446660995483398e-01
9.274169206619262695e-01
7.038729786872863770e-01
7.619212865829467773e-01
7.207059860229492188e-01
7.339503169059753418e-01
8.256475329399108887e-01
7.473388314247131348e-01
7.998803853988647461e-01
7.495105266571044922e-01
8.370544314384460449e-01
8.764184117317199707e-01
7.933897972106933594e-01
7.370368838310241699e-01
7.024825215339660645e-01
7.281601428985595703e-01
6.976807117462158203e-01
9.211511611938476562e-01
7.140730023384094238e-01
9.069420099258422852e-01
7.041586637496948242e-01
8.635885119438171387e-01
7.287469506263732910e-01
8.656077980995178223e-01
7.442132830619812012e-01
8.797430396080017090e-01
6.912251710891723633e-01
7.713169455528259277e-01
7.910380959510803223e-01
8.696221113204956055e-01
7.862080335617065430e-01
9.309653043746948242e-01
7.066874504089355469e-01
9.467747211456298828e-01
7.819984555244445801e-01
9.402409195899963379e-01
8.208602070808410645e-01
8.441617488861083984e-01
8.000059723854064941e-01
9.258822798728942871e-01
8.400754332542419434e-01
8.609322309494018555e-01
7.012081742286682129e-01
9.202407598495483398e-01
6.962289810180664062e-01
7.138863205909729004e-01
7.209686636924743652e-01
9.243431687355041504e-01
7.292187213897705078e-01
9.225301742553710938e-01
8.249425888061523438e-01
9.003759622573852539e-01
7.453169822692871094e-01
7.128522396087646484e-01
7.216103672981262207e-01
9.516159892082214355e-01
8.158396482467651367e-01
9.188994169235229492e-01
7.848402261734008789e-01
9.503858685493469238e-01
8.133687973022460938e-01
9.308971762657165527e-01
7.164787650108337402e-01
9.275752902030944824e-01
8.023016452789306641e-01
7.305995821952819824e-01
8.391455411911010742e-01
8.327374458312988281e-01
8.311564326286315918e-01
8.373566269874572754e-01
8.297623991966247559e-01
8.416874408721923828e-01
8.390297889709472656e-01
8.386663794517517090e-01
8.415934443473815918e-01
8.385394811630249023e-01
8.359956145286560059e-01
8.201111555099487305e-01
8.355545401573181152e-01
8.346304297447204590e-01
8.255302906036376953e-01
8.335577845573425293e-01
8.179021477699279785e-01
8.243871331214904785e-01
8.257459998130798340e-01
8.199689984321594238e-01
8.365164399147033691e-01
8.313130736351013184e-01
8.406503200531005859e-01
8.312923908233642578e-01
8.309736251831054688e-01
8.384544253349304199e-01
8.348370790481567383e-01
8.304848074913024902e-01
8.233914971351623535e-01
8.328889012336730957e-01
8.404837250709533691e-01
8.320885300636291504e-01
8.351238965988159180e-01
8.351187705993652344e-01
8.243975043296813965e-01
8.244796395301818848e-01
8.341036438941955566e-01
8.344390988349914551e-01
8.230332136154174805e-01
8.345088958740234375e-01
8.306227922439575195e-01
8.318680524826049805e-01
8.358060121536254883e-01
8.317528367042541504e-01
8.300004005432128906e-01
8.366409540176391602e-01
8.398838043212890625e-01
8.329048752784729004e-01
8.299723267555236816e-01
8.213208913803100586e-01
8.299809694290161133e-01
