9.419924616813659668e-01
8.767962455749511719e-01
8.338206410408020020e-01
9.458090066909790039e-01
8.679490089416503906e-01
8.502744436264038086e-01
9.412494897842407227e-01
8.427147269248962402e-01
8.807146549224853516e-01
9.434005618095397949e-01
8.605177998542785645e-01
8.732205629348754883e-01
9.385064244270324707e-01
8.755776286125183105e-01
8.754303455352783203e-01
9.474353194236755371e-01
8.440367579460144043e-01
8.385318517684936523e-01
9.441856741905212402e-01
8.633760213851928711e-01
8.823751807212829590e-01
9.517867565155029297e-01
8.711792230606079102e-01
8.574421405792236328e-01
9.498280882835388184e-01
8.559356331825256348e-01
8.775438666343688965e-01
9.222184419631958008e-01
8.610796928405761719e-01
8.823595643043518066e-01
9.471192955970764160e-01
8.643608689308166504e-01
8.741683363914489746e-01
9.473494291305541992e-01
8.596359491348266602e-01
8.807004690170288086e-01
9.421219825744628906e-01
8.644984364509582520e-01
8.554664254188537598e-01
9.436527490615844727e-01
8.782426714897155762e-01
8.770315647125244141e-01
9.440755844116210938e-01
8.609419465065002441e-01
8.741667270660400391e-01
9.564272165298461914e-01
8.647190332412719727e-01
8.420419692993164062e-01
9.466121196746826172e-01
8.480982184410095215e-01
8.121660351753234863e-01
9.440634846687316895e-01
8.547433614730834961e-01
7.395500540733337402e-01
9.426261186599731445e-01
8.556072115898132324e-01
8.215669393539428711e-01
9.443494677543640137e-01
8.697649836540222168e-01
8.626237511634826660e-01
9.495168924331665039e-01
8.727988600730895996e-01
8.553513884544372559e-01
9.341832399368286133e-01
8.713039159774780273e-01
8.583254218101501465e-01
9.517296552658081055e-01
8.658778071403503418e-01
8.560987114906311035e-01
8.587967753410339355e-01
8.785759806632995605e-01
8.594427704811096191e-01
9.444020390510559082e-01
8.600051999092102051e-01
8.591284155845642090e-01
9.138772487640380859e-01
8.814583420753479004e-01
8.218907117843627930e-01
9.447173476219177246e-01
8.577214479446411133e-01
8.518161177635192871e-01
9.339058995246887207e-01
8.572965264320373535e-01
8.667533397674560547e-01
7.454075217247009277e-01
8.405933976173400879e-01
7.576443552970886230e-01
9.461313486099243164e-01
8.448536992073059082e-01
8.358937501907348633e-01
9.457465410232543945e-01
8.704487681388854980e-01
8.649252057075500488e-01
9.452071189880371094e-01
8.607013821601867676e-01
8.665469288825988770e-01
9.052401781082153320e-01
8.620544075965881348e-01
8.704457283020019531e-01
7.848801612854003906e-01
7.908655405044555664e-01
7.902816534042358398e-01
7.855687737464904785e-01
7.830780148506164551e-01
7.808195352554321289e-01
7.782475948333740234e-01
7.950664162635803223e-01
7.935708165168762207e-01
7.927865386009216309e-01
7.836967110633850098e-01
7.813757061958312988e-01
7.940052747726440430e-01
7.897839546203613281e-01
7.922158837318420410e-01
7.865871191024780273e-01
7.888807654380798340e-01
7.824123501777648926e-01
7.949143648147583008e-01
7.800248265266418457e-01
7.931845188140869141e-01
7.899635434150695801e-01
7.905902266502380371e-01
7.953641414642333984e-01
7.776415944099426270e-01
7.878956794738769531e-01
7.865418791770935059e-01
7.896430492401123047e-01
7.962689399719238281e-01
7.889502048492431641e-01
7.858771681785583496e-01
7.910323143005371094e-01
7.785092592239379883e-01
