2.198662757873535156e+00
2.171552658081054688e+00
1.874289512634277344e+00
1.645339965820312500e+00
1.487237930297851562e+00
6.407599449157714844e-01
4.886178970336914062e-01
5.524253845214843750e-02
-2.029209136962890625e-01
-4.021186828613281250e-01
-4.153399467468261719e-01
-5.838880538940429688e-01
-5.952520370483398438e-01
-5.954394340515136719e-01
-6.206212043762207031e-01
-7.784624099731445312e-01
-1.019048929214477539e+00
-1.371418476104736328e+00
-1.387727499008178711e+00
-1.459999084472656250e+00
-1.533444881439208984e+00
-1.545698165893554688e+00
-1.775590896606445312e+00
-1.945620536804199219e+00
-1.946577072143554688e+00
-1.987725257873535156e+00
-1.997902393341064453e+00
-2.014839649200439453e+00
-2.209028959274291992e+00
-2.249385356903076172e+00
-2.306017160415649414e+00
-2.362469673156738281e+00
-2.371908426284790039e+00
-2.428275346755981445e+00
-2.508947134017944336e+00
-2.511023521423339844e+00
-2.527654886245727539e+00
-2.618208885192871094e+00
-2.649679660797119141e+00
-2.660248994827270508e+00
-2.664221763610839844e+00
-2.755319595336914062e+00
-2.861514329910278320e+00
-2.900106906890869141e+00
-2.955084323883056641e+00
-3.050134658813476562e+00
-3.061537742614746094e+00
-3.083722829818725586e+00
-3.111311197280883789e+00
-3.137442350387573242e+00
-3.143647193908691406e+00
-3.151805400848388672e+00
-3.188805818557739258e+00
-3.201476573944091797e+00
-3.210064649581909180e+00
-3.215901136398315430e+00
-3.219229221343994141e+00
-3.239060640335083008e+00
-3.299134492874145508e+00
-3.341939210891723633e+00
-3.360076665878295898e+00
-3.369642257690429688e+00
-3.369667053222656250e+00
-3.373713731765747070e+00
-3.411859750747680664e+00
-3.424815416336059570e+00
-3.435943126678466797e+00
-3.496366977691650391e+00
-3.601511478424072266e+00
-3.669828653335571289e+00
-3.672466754913330078e+00
-3.709309577941894531e+00
-3.711292266845703125e+00
-3.723273754119873047e+00
-3.769097805023193359e+00
-3.788394212722778320e+00
-3.789726972579956055e+00
-3.824482202529907227e+00
-3.847019433975219727e+00
-3.860356330871582031e+00
-3.885514736175537109e+00
-3.892393589019775391e+00
-3.903331279754638672e+00
-3.953929662704467773e+00
-3.966722965240478516e+00
-3.998383998870849609e+00
-4.006112098693847656e+00
-4.017923355102539062e+00
-4.022478103637695312e+00
-4.030161857604980469e+00
-4.070398330688476562e+00
-4.082830429077148438e+00
-4.084063053131103516e+00
-4.108649253845214844e+00
-4.114781379699707031e+00
-4.122732162475585938e+00
-4.130726814270019531e+00
-4.137487888336181641e+00
-4.144819736480712891e+00
-4.146787166595458984e+00
-4.158928394317626953e+00
-4.159827232360839844e+00
-4.160071372985839844e+00
-4.172862052917480469e+00
-4.178044795989990234e+00
-4.188677787780761719e+00
-4.193233966827392578e+00
-4.207519531250000000e+00
-4.213310241699218750e+00
-4.220038414001464844e+00
-4.227869033813476562e+00
-4.228085994720458984e+00
-4.235618114471435547e+00
-4.239484786987304688e+00
-4.239647388458251953e+00
-4.241242408752441406e+00
-4.247991085052490234e+00
-4.253281116485595703e+00
-4.271796703338623047e+00
-4.276735305786132812e+00
-4.277702331542968750e+00
-4.278649806976318359e+00
-4.284611225128173828e+00
-4.287538528442382812e+00
-4.294449329376220703e+00
-4.300495624542236328e+00
-4.303466320037841797e+00
-4.303646087646484375e+00
-4.304376125335693359e+00
-4.319087028503417969e+00
-4.326729297637939453e+00
-4.328600406646728516e+00
-4.332427501678466797e+00
-4.345095634460449219e+00
-4.348527908325195312e+00
-4.362758159637451172e+00
-4.365605831146240234e+00
-4.378837585449218750e+00
-4.386785984039306641e+00
-4.392196655273437500e+00
-4.392722606658935547e+00
-4.397107601165771484e+00
-4.399208545684814453e+00
-4.410457611083984375e+00
-4.419716835021972656e+00
-4.419923305511474609e+00
-4.426456451416015625e+00
-4.434201240539550781e+00
-4.437211036682128906e+00
-4.445369243621826172e+00
-4.449647903442382812e+00
-4.451626777648925781e+00
-4.458360671997070312e+00
-4.459767818450927734e+00
-4.463359355926513672e+00
-4.468229770660400391e+00
-4.493561744689941406e+00
-4.498324871063232422e+00
-4.499780178070068359e+00
-4.503332614898681641e+00
-4.505079746246337891e+00
-4.513208389282226562e+00
-4.516571044921875000e+00
-4.527682304382324219e+00
-4.527780532836914062e+00
-4.528696537017822266e+00
-4.539782047271728516e+00
-4.549406528472900391e+00
-4.550841331481933594e+00
-4.555649757385253906e+00
-4.559404850006103516e+00
-4.569216728210449219e+00
-4.579937458038330078e+00
-4.583619594573974609e+00
-4.585865497589111328e+00
-4.589246749877929688e+00
-4.606019973754882812e+00
-4.606457710266113281e+00
-4.608242988586425781e+00
-4.610415458679199219e+00
-4.612621784210205078e+00
-4.612903118133544922e+00
-4.616288661956787109e+00
-4.626003742218017578e+00
-4.630388736724853516e+00
-4.639636993408203125e+00
-4.640989303588867188e+00
-4.642899036407470703e+00
-4.645699024200439453e+00
-4.654474258422851562e+00
-4.655880451202392578e+00
-4.656332015991210938e+00
-4.657186985015869141e+00
-4.658541679382324219e+00
-4.659071445465087891e+00
-4.662545204162597656e+00
-4.670263290405273438e+00
-4.672900199890136719e+00
-4.676173210144042969e+00
-4.676672935485839844e+00
-4.684412002563476562e+00
-4.694430351257324219e+00
-4.700738906860351562e+00
-4.703663825988769531e+00
-4.723927497863769531e+00
-4.738268852233886719e+00
-4.748939990997314453e+00
-4.753415107727050781e+00
-4.755407333374023438e+00
-4.756093502044677734e+00
-4.757573127746582031e+00
-4.757585048675537109e+00
-4.758578300476074219e+00
-4.763463973999023438e+00
-4.765469074249267578e+00
-4.765681266784667969e+00
-4.769665718078613281e+00
-4.773656368255615234e+00
-4.776638031005859375e+00
-4.797449588775634766e+00
-4.805840015411376953e+00
-4.808016777038574219e+00
-4.809194087982177734e+00
-4.814824104309082031e+00
-4.818248748779296875e+00
-4.824411869049072266e+00
-4.824507713317871094e+00
-4.825446605682373047e+00
-4.828286647796630859e+00
-4.830948829650878906e+00
-4.831354141235351562e+00
-4.831677436828613281e+00
-4.831682205200195312e+00
-4.832034111022949219e+00
-4.839853286743164062e+00
-4.841286659240722656e+00
-4.841581821441650391e+00
-4.842373371124267578e+00
-4.842694282531738281e+00
-4.848338127136230469e+00
-4.848366737365722656e+00
-4.852548599243164062e+00
-4.856929779052734375e+00
-4.857188701629638672e+00
-4.862415313720703125e+00
-4.862833023071289062e+00
-4.866181373596191406e+00
-4.872996807098388672e+00
-4.873386859893798828e+00
-4.875103473663330078e+00
-4.878046989440917969e+00
-4.882049083709716797e+00
-4.882624626159667969e+00
-4.885824680328369141e+00
-4.886860847473144531e+00
-4.889834403991699219e+00
-4.891441345214843750e+00
-4.892088890075683594e+00
-4.897932529449462891e+00
-4.898863315582275391e+00
-4.902482509613037109e+00
-4.907394409179687500e+00
-4.909834861755371094e+00
-4.911096096038818359e+00
-4.914572715759277344e+00
-4.914803028106689453e+00
-4.918852806091308594e+00
-4.919523715972900391e+00
-4.919831275939941406e+00
-4.920182228088378906e+00
-4.921696662902832031e+00
-4.923946380615234375e+00
-4.924238681793212891e+00
-4.924565315246582031e+00
-4.924581527709960938e+00
-4.928324222564697266e+00
-4.934119701385498047e+00
-4.935714244842529297e+00
-4.937963485717773438e+00
-4.940202713012695312e+00
-4.940262317657470703e+00
-4.942601203918457031e+00
-4.944993019104003906e+00
-4.948171615600585938e+00
-4.950255870819091797e+00
-4.950592041015625000e+00
-4.950657844543457031e+00
-4.953889369964599609e+00
-4.959111690521240234e+00
-4.960991382598876953e+00
-4.963619232177734375e+00
-4.964414119720458984e+00
-4.968509674072265625e+00
-4.969710826873779297e+00
-4.972002506256103516e+00
-4.973027706146240234e+00
-4.978230953216552734e+00
-4.985314846038818359e+00
-4.985967636108398438e+00
-4.987855434417724609e+00
